## ListNet
## Epochs = 1500
## No. of features = 46
1 2 3 4 5 6 7 8 9 10 11 12 13 14 15 16 17 18 19 20 21 22 23 24 25 26 27 28 29 30 31 32 33 34 35 36 37 38 39 40 41 42 43 44 45 46
0
0 0 -0.015402099041647924
0 1 0.04453502578084656
0 2 0.08578249077887624
0 3 0.027280998787948624
0 4 0.014395140734083114
0 5 0.022687572985887527
0 6 0.012014257721602917
0 7 -0.03978820517659187
0 8 -0.09736831486225128
0 9 0.04431946948170662
0 10 0.019713935588832453
0 11 0.14291085135109538
0 12 0.048715698363437566
0 13 0.026315460931171552
0 14 0.12387399541654272
0 15 0.020972073957148337
0 16 0.11205770601243595
0 17 0.005018865096729572
0 18 -0.15137200460800365
0 19 0.004643252095585129
0 20 0.22312339218682437
0 21 0.21688427466063265
0 22 0.26172714862558955
0 23 0.2119713469250197
0 24 0.09570994757947304
0 25 -0.009653817414353007
0 26 0.15245858142388313
0 27 0.02036273458702213
0 28 0.11308979721876321
0 29 0.11658454071715312
0 30 0.11601450872860866
0 31 0.08786874902530853
0 32 0.08698649794997883
0 33 0.006179313792906113
0 34 0.0061781278957376605
0 35 0.041204370077559574
0 36 0.23166822399491413
0 37 0.17013955397551386
0 38 0.21047920093676395
0 39 0.11385473544583621
0 40 0.014377023777029405
0 41 -0.1235817966351298
0 42 0.015026425942778587
0 43 -0.0754124158082475
0 44 -0.014735344199145845
0 45 0.0869809042960275
0 46 0.011222118511795998
