## RankNet
## Epochs = 100
## No. of features = 46
## No. of hidden layers = 1
## Layer 1: 10 neurons
1 2 3 4 5 6 7 8 9 10 11 12 13 14 15 16 17 18 19 20 21 22 23 24 25 26 27 28 29 30 31 32 33 34 35 36 37 38 39 40 41 42 43 44 45 46
1
10
0 0 -0.06996949609902721 0.05544447773409324 -0.13267645387287233 0.025899034751880014 0.05284055465244387 -0.12331433298723211 -0.025815809144599813 0.09726177540868906 0.13140896651564887 0.07465353318906832
0 1 0.0018955103488189728 -0.12245504146109015 -0.06561856926253071 0.06670468647911668 0.15322497107807584 -0.19672727350913832 0.01963068612303307 0.17404926313810834 -0.024175015682294434 0.043970301738820064
0 2 0.005668952813100143 -0.03223571111458566 -0.19506564552753217 0.031578576527322634 0.19200907144506216 -0.24194929539169038 0.033586031006302544 0.060638291578351204 0.1187404711894528 0.0322165924420863
0 3 0.07496745171644338 -0.04742145706464648 -0.0066062566793239534 0.025322630326988567 -0.03171307598664873 -0.08142326725084884 0.048111137189335865 -0.09451526175052485 -0.048766361999257865 -0.07443664674846026
0 4 -0.04554952692562595 0.06815375966668834 -0.09672124337087484 0.04344954348615262 0.11071192647557297 -0.0331666635928258 -0.017857464598112112 0.06224362687146485 0.01076001729162952 -0.017141477111635103
0 5 -0.09969856590032578 -0.05721606686711311 0.08780713379383087 0.09487496316432953 -0.07341217249631882 -0.0667823925614357 0.0363629050552845 -0.03945238143205643 -0.03091663122177124 -0.009420466609299183
0 6 -0.05069127678871155 4.50253501185216E-5 0.0195974949747324 0.015653055161237717 -0.002652794122695923 0.05323651432991028 -0.03596854209899902 0.03161799907684326 0.009281421080231667 0.023567836731672287
0 7 0.06094411760568619 -0.013569814153015614 0.02337712049484253 -0.006412613205611706 0.06600960344076157 -0.0659547969698906 0.04740893095731735 0.01351049542427063 -0.003635406494140625 0.08838249742984772
0 8 -0.05619315057992935 -0.003991580102592707 -0.03092423640191555 0.08949217200279236 0.09476800262928009 0.014212524518370628 -0.06675124168395996 0.05901368707418442 -0.06446847319602966 0.04083877056837082
0 9 -0.049550723284482956 0.06324810534715652 -0.022411728277802467 -0.06334522366523743 -0.04542309790849686 0.04374391958117485 0.09743587672710419 -0.014471227303147316 -0.054379891604185104 0.054120760411024094
0 10 -0.10646610430784487 7.149291139004324E-4 -0.011680367427648372 0.07133500457872345 0.12238833487629679 -0.043334082539525524 0.05667534218984943 0.03952973463166042 0.03463519462160794 -0.07226595402727289
0 11 -0.10637648925784543 0.06658534262499345 -0.06760664005301725 0.05962991617261668 0.18195577711997532 -0.03424879977202284 -0.02232584718822499 0.09754108801379241 -0.023487823359664123 0.005560812387561997
0 12 -0.13326846677720133 -7.871827332982567E-4 -0.1885645044283385 0.11114525384595117 0.11817518446711922 -0.2490601621943853 0.024267281543219374 0.2061661740935401 0.1567371078574673 0.037231546900703565
0 13 0.04460759205963566 0.007987472434542788 0.004927470825044754 0.051831134827870634 0.058173693297197716 0.04928005536941016 0.07487664474010344 -0.013781485160234745 0.0035303519407002297 -0.030401032614398776
0 14 -0.10360072625982696 0.05324789262719418 -0.17871279866425266 2.2425978117004706E-4 0.13531063846502026 -0.17139185176558874 0.03614326254054016 0.011820306783999597 0.026247833393568887 -0.014248228238083166
0 15 -0.06375412037258853 0.0471578566598357 -0.10083450889619777 0.07989742146385156 0.06632822223542645 -0.12967914864351285 -0.03093293734657995 0.0164612293085075 0.05896684651962265 0.08075845576083363
0 16 -0.07434320570398203 0.013503754109427476 -0.11285298049613578 -0.09579683012357984 -0.01582021409336103 -0.04204126301493172 -0.027241385012840208 -0.06919743876042612 -0.04790672265059866 -0.008018291659389463
0 17 -0.07837668399528809 -0.03931250535381681 0.07370094087601237 0.038589058172721166 -0.07850920165116027 0.08423385155005639 -0.020820493743189086 -0.08610545840288926 0.06265761687328733 0.02534340171909722
0 18 0.05233422279775866 0.05718325107686469 0.1816471186503836 -0.07519951586277553 -0.10211793630940169 0.1075206495837968 -0.08624038338734036 -0.19916190235411518 -0.061765287076790486 -0.10314586290154946
0 19 -0.005405474385175975 -0.08581222927128038 -0.0643412680741167 -0.07997200284083457 0.13413932372295076 -0.10906679103581966 0.06446738683316142 -0.020427674321614617 0.08727327359719499 0.01693404566439758
0 20 -0.24098190788661106 -0.1231750893992579 -0.35236494674327634 0.02433869015110837 0.4293414958189214 -0.45692618456831513 0.0816268351504903 0.30483887232506596 0.29174869288631083 0.14659443543900308
0 21 -0.13736902450016586 -0.16857759354126406 -0.5051979198632646 0.11581351520136422 0.41300362961166154 -0.3877398226991322 0.21201244115713833 0.26484520320680993 0.28560822981885875 0.10686503237326811
0 22 -0.22433302964244703 -0.15199210823215048 -0.5193235247657001 0.026710586651627496 0.48291058037606627 -0.5081525506755235 0.15390564400605242 0.4448684906820235 0.3512831103658455 0.09129902655899462
0 23 -0.1946673227287381 -0.19838779495994585 -0.48473030843228515 0.0806520203456442 0.4444959129214501 -0.35155188155745765 0.13926445674766957 0.320632611556832 0.17777021893596345 0.17319422410471458
0 24 -0.0014023427844702268 -0.11196937542073271 -0.18881679678573615 -0.05659847594949595 0.18594585008342332 -0.12070840713981974 -0.028256091638759296 0.16713199579108134 0.17084187271278423 0.11629705080480346
0 25 -0.10324535729458591 -0.13664317813758053 -0.16492520726399448 -0.06909205214422255 0.2481736439900161 -0.22045463264155785 0.09653154115050712 0.1879303028250013 0.04454818878669829 0.11318336667895385
0 26 -0.06505221228551436 0.008383022967246457 -0.2356758125566819 -0.07039796293792319 0.0740956982506936 -0.2103755058285226 0.06978314647590073 0.18954249174881677 0.07060333740320221 -0.049967860238827176
0 27 -0.04548489966050577 -0.05844432053915657 -0.22007863343975456 -0.0659868928634019 0.12362381153068319 -0.22532311050147932 -0.00589585294339774 0.10244784983443979 0.08267928422340383 -0.0401957388718315
0 28 -0.009899762717271679 -0.005841698897191662 -0.23592127490012946 0.10100680848058363 0.20599562931049287 -0.18596605229634183 0.10852045361876962 0.2011461625635714 0.18693940615139248 0.07445941026007465
0 29 -0.02853097799529736 0.01386758525174987 -0.22012367912809094 0.11236413411803174 0.13083864284018035 -0.1326557166640501 0.03770581907844759 0.22554646318484148 0.13821933087004337 0.05179669183576081
0 30 -0.1191221693996955 0.0365675287931686 -0.20614708480859 -0.01186900842720962 0.20349350110966843 -0.1974263306130635 0.13172574433156062 0.1486099981132965 0.03898942395594852 -0.00973031108824172
0 31 -0.07053218682999984 -0.012390683080809099 -0.30325028993398584 0.0910424672379541 0.20798960306001632 -0.27600104520021557 0.08155805183933758 0.06305309542177562 0.1258257643568741 0.1342448985495814
0 32 -0.05219456579492266 -0.061288998080444065 -0.01505657533930772 0.07721192874367014 0.10717336890740707 -0.15888238436448787 0.08073215559770296 0.08316730306192274 0.009343286026211081 0.00378601467807153
0 33 -0.04283437528652323 -0.11260951104257368 -0.1011613459303457 0.07045546107759265 -0.026348840201009898 -0.053762174426142506 0.043511959023399216 0.0690950675939266 0.03311518485556741 0.08309705722855097
0 34 -0.003808046680608677 -0.07837616470020965 -0.09581795103426359 0.09746292976944096 -0.0012974540370041838 -0.11161564976924723 -0.005219151726315899 0.13012438851904912 0.03436606023076045 0.10815258457060033
0 35 -0.08296504915120997 0.03438994086337554 0.007845855072050675 0.030650054533691126 0.14347414829379565 -0.02681326920778219 -0.07239495873471392 0.11533981314963228 -0.02819186593572126 -0.023585943447784523
0 36 -0.24277072152596677 -0.18787953374067495 -0.411850407400528 0.08279993546302496 0.4282659318305793 -0.4138235254449351 0.24915720411694742 0.24836917769193742 0.2905713205524768 0.034169498668661945
0 37 -0.28354076056274274 -0.01654814218476918 -0.5283385176162556 -0.024173289259679633 0.31880175456020593 -0.45866943779870556 0.2296448987360991 0.273311867147667 0.21113981943193177 0.12420765146888622
0 38 -0.30274217082471655 -0.1569524603533006 -0.5694079869247086 0.06574306483140004 0.42361595635796934 -0.4519903312721106 0.2797518895797144 0.3038236642194221 0.35266087591560397 0.18678528431921437
0 39 -0.27961117568672056 -0.09790968415448713 -0.5601240056171991 0.038595696558886665 0.4095857925907871 -0.3933857991133052 0.2548005284335308 0.21892931011340364 0.1855685945594657 0.05840194081815086
0 40 0.004075025956823734 -0.044052850589232646 0.1406792969773312 -0.05559534165096852 -0.03184057002771381 0.008784304602192657 -0.13896526529895187 -0.1421644195530209 -0.13297471213644216 -0.07986039339103237
0 41 0.11114471226974938 -0.032790454161724054 0.09054675349596628 -0.07785237323538409 -0.17079718160135493 0.03129459152208112 -0.12942819595270974 -0.17194273589969875 -0.05206239475119544 0.011952888200414184
0 42 -0.012165325693786144 0.04684627056121826 -0.08341364562511444 0.010546130128204823 -0.07122617214918137 0.08705230802297592 0.019684631377458572 -0.08082374930381775 0.005573391914367676 -0.06878431141376495
0 43 -0.02407296947004354 0.017258631321319294 -0.05355796845609129 -0.03157544303001025 0.02885486064462328 0.06465564590759604 -0.054678320579933305 -0.048031823043928515 -0.06771095333777012 0.0653277283752353
0 44 0.05087291157134975 0.05330077865866748 -0.06830540049323841 0.04865768862549538 -0.050015196205427256 -0.05351119968360143 -0.08306752187490558 -0.0631896254696636 0.056573525106666946 -0.031207195727822788
0 45 0.028181564329955312 0.020695636295206935 -0.08928599525117303 -0.06350669381998521 0.08458543690278228 -0.05079804205682355 0.038717734366917216 0.029906007321464645 -0.07386393083445317 0.08001826323386957
0 46 -0.05554850856374694 0.029215078126600885 -0.03726039212470254 -0.07663952286398677 -0.08488771798689496 -0.03272443510497583 -0.10229327766412105 -0.022520247502126233 -0.13996462325229775 0.0558450063365427 -0.14784478676581944
1 0 -0.696679357903822
1 1 -0.42685532965072165
1 2 -1.2142711105851416
1 3 0.15181683130198748
1 4 1.0850420423716827
1 5 -1.1015366066357783
1 6 0.5631906425485234
1 7 0.933636889398196
1 8 0.7775148466511972
1 9 0.32031944187145633
