## ListNet
## Epochs = 1500
## No. of features = 46
1 2 3 4 5 6 7 8 9 10 11 12 13 14 15 16 17 18 19 20 21 22 23 24 25 26 27 28 29 30 31 32 33 34 35 36 37 38 39 40 41 42 43 44 45 46
0
0 0 0.11593973834583383
0 1 0.016197981392595064
0 2 0.16289891166733456
0 3 -0.044535038703277165
0 4 0.044707084902532564
0 5 -0.08329527080059052
0 6 -0.06330584734678268
0 7 0.019218450412154198
0 8 0.0636298805475235
0 9 -0.0774892121553421
0 10 -0.001182626526835916
0 11 0.1881747301843218
0 12 0.02874720128998799
0 13 0.06323214533451836
0 14 0.0871324854687659
0 15 0.011468767979223008
0 16 0.11039049957039947
0 17 0.002134340321392963
0 18 -0.15545756806944033
0 19 0.04043815343534319
0 20 0.1555033101783222
0 21 0.3181082869423639
0 22 0.23958966482750027
0 23 0.1286561925279786
0 24 2.1309539383714722E-6
0 25 0.15075999138580784
0 26 0.1615553533491983
0 27 0.16941360009149847
0 28 0.08197540634487492
0 29 0.15228899217733155
0 30 0.05992922879669883
0 31 0.19819133978788372
0 32 -0.02402980314511495
0 33 0.09043543009674518
0 34 0.03306642437229414
0 35 0.012925566786943316
0 36 0.1357705777590932
0 37 0.1299655217324437
0 38 0.34152264086766065
0 39 0.2629695092678792
0 40 -0.044918702236308866
0 41 -0.0994099307340946
0 42 -0.05986353009939194
0 43 0.018868188058228014
0 44 0.07167621240458488
0 45 0.07669890639792469
0 46 -0.005383789539337158
