## RankNet
## Epochs = 100
## No. of features = 46
## No. of hidden layers = 1
## Layer 1: 10 neurons
1 2 3 4 5 6 7 8 9 10 11 12 13 14 15 16 17 18 19 20 21 22 23 24 25 26 27 28 29 30 31 32 33 34 35 36 37 38 39 40 41 42 43 44 45 46
1
10
0 0 0.06101552994486633 -0.15690800149067186 0.0428392127701846 0.022103816707428503 -0.039917310259816145 0.04129946541412745 -0.031079029277237727 -0.04994551795562512 0.019537293807959683 -0.043031325307969846
0 1 -0.043615946819133895 -0.21425161911500937 0.16237316788635278 0.004099861173411161 -0.02157390442295996 0.13395684719730894 0.007434857932711232 -0.14274588750379805 0.015268556563640304 0.02808701859997171
0 2 0.13231538093667666 -0.2693481477978087 0.15374469419941209 0.1356081286583649 -0.1389609416336228 0.10542484797570888 0.11415362784408452 -0.06895907540425922 -0.020221319356798047 0.1304227455809842
0 3 0.006609884027058405 -0.05783515981044204 -0.006703687985325251 0.008059226581115186 0.08843578390617744 -0.050657390416234085 0.02200768572919522 0.08325718704736397 -0.004054097812894621 -0.04478093308773678
0 4 0.05041435425307449 -0.18645690673114831 -0.009536006377756923 0.10849185250409069 -0.07630020857583128 0.0909456667131034 -0.05346867745601374 -0.07883925253494918 -0.09982667730261197 0.0994853570516518
0 5 0.03944411128759384 0.02662699855864048 -0.01728757657110691 0.08287100493907928 -0.03327702730894089 0.08123990148305893 -0.07317318767309189 -0.041036151349544525 0.026426028460264206 -0.06529928743839264
0 6 -0.004136466886848211 -0.06625035405158997 -0.09815334528684616 -0.08833055943250656 0.0758984312415123 -0.06810027360916138 0.00465625524520874 0.08999263495206833 -0.07543803006410599 -0.0286870114505291
0 7 -0.06546059250831604 -0.07254351675510406 0.07541782408952713 -0.09079757332801819 0.08401959389448166 0.09054045379161835 0.02900182642042637 -0.04120917245745659 0.09755291789770126 -0.06549033522605896
0 8 0.05675070360302925 -0.08013300597667694 -0.08836755156517029 -0.04990384727716446 0.09479900449514389 0.007354623172432184 -0.09173456579446793 0.01257054228335619 0.09666378796100616 -0.035803984850645065
0 9 -0.003852546215057373 -0.05486009642481804 -0.019803185015916824 -0.06408904492855072 -0.02751064859330654 -0.09646831452846527 0.08243848383426666 -9.523212793283165E-4 -0.09277116507291794 0.08826467394828796
0 10 -0.019087968675223534 -0.05619345937707432 -0.017478365187465632 0.038455614293658257 -0.11780348731163755 -0.06550267592327737 0.017739824078817187 0.059100189033431984 -0.057443227514844944 0.03987208262220188
0 11 0.02368190887625596 -0.24098623831012747 0.14497540157883632 0.05363983037669419 -0.029339397014288834 -0.03452489124678469 0.008629718669116498 -0.0035412234747942955 0.04041647507998965 0.022928091402114128
0 12 0.013530844640894234 -0.25932377979710314 0.09551473776107135 -0.03482744921567908 -0.046215485520385985 0.04502366542404705 -0.024670862036269416 -0.051869054273933686 0.053329613322109164 0.03630815915710309
0 13 0.09340415726627709 -0.012055614303769288 -9.196263961630436E-4 -0.008590331215610493 0.018337886837715436 0.045981402616666694 -0.046804723308814605 -0.06765764775381658 -0.03717574452612668 -0.06469666567823082
0 14 0.11195597103843201 -0.03086171068744306 0.033238857974263555 0.08994083332497788 -0.11899105826208416 -0.02505312104928953 -0.06472285518892539 -0.015329227983291543 -0.0449631195310114 -0.055709622364718756
0 15 -0.0012412002360069239 -0.06633016014716127 0.10964157906036824 0.008121999724425222 -0.10246217736761064 -0.047535054210944415 -0.0358145782549585 0.05040135136616396 -0.09760102197629253 -0.014424801747272608
0 16 -0.004915450186452017 0.03664114053150672 0.0694930892415189 -0.025596593623098605 0.02628574362388373 -0.04221998111275166 -0.04574261157199049 -0.027616920897353382 0.08461824350023268 0.1039862729159095
0 17 -0.0614771006943983 0.03583222276257868 -0.10009630444509687 -0.08944958849929578 -0.07214704817624691 -0.11419507723256388 -0.06703170176084892 0.009739629642288833 -0.044818429906221105 0.023056061470306137
0 18 -0.0521313360316253 0.16541612810789932 -0.17084935894659867 -0.12846030448482593 0.0655049357345277 0.03294395494672323 -0.026483566067681062 0.11284655052878795 0.06947846949223871 -0.008650588522473529
0 19 0.06348251063961605 -0.08961443402219345 -0.048033709510940874 -0.08163232139575656 -0.0166851330838562 0.04458293378746256 0.04214355888142107 -0.041853362093178706 -0.09728782741717687 -0.02098379174179348
0 20 0.17603664100526534 -0.48167353457999973 0.18907272084977006 0.1674175167506014 -0.27426199035322 0.09296399968588039 0.08770211794753906 -0.18832810057193183 -0.024688547656339602 0.15729501639455606
0 21 0.16388650257372647 -0.5424752683111173 0.27486627767893523 0.015807750657494252 -0.2940705927359134 0.20696081345425466 0.11943943191680133 -0.21661923106022288 -0.043730852739750345 0.09966586447595097
0 22 0.08330683000520736 -0.5815022353805392 0.26833810334478253 0.027208942685271784 -0.3410342588926982 0.27950490187665866 0.051498654980013596 -0.21192646964361495 -0.03868132655443634 0.19617933299387993
0 23 0.17467453881744305 -0.5048313195224455 0.13820857681088933 0.06363669841967064 -0.35189131730502626 0.12533554663514967 0.15324630601956085 -0.13981309121029625 0.02784388998896213 0.15841760672583713
0 24 -0.00632125537321169 -0.10088156466495903 4.187983934681577E-4 0.08833606858719378 -0.013999129397532829 0.1272884616414508 -0.07425106132128567 -0.03194537025640017 -0.04364792483013143 0.03767311896653943
0 25 0.12926696077993446 -0.2300035029039816 0.0723689044806949 -0.02366211047997595 -0.13371143448612316 0.16659853194324292 0.01180045076384176 -0.030766090495913067 -0.0032236076851355814 0.14130605737010385
0 26 0.03122345991122279 -0.2598761188455915 0.07521044356221125 0.10292602433635106 -0.040002842739292464 0.06507245637232047 0.06644681378369309 -0.05483987278565374 -0.031187475451274916 0.03782461524004702
0 27 0.09355955658070059 -0.29440319896113926 0.016432185160329082 0.02003594993800561 -0.08179305707112544 0.1270915677812991 -0.05486972781634164 -0.025722541911443096 -0.11536955162810404 0.15526243470188114
0 28 0.04361253517979504 -0.2662097307212296 0.018709922194226514 -0.03997966149845546 -0.10883955258534243 0.00843103526300771 -0.02438966913767752 -0.003364783955662348 0.05564509036737655 0.021811904084080368
0 29 0.054156477463215724 -0.3235540811740065 0.03499080770147863 0.06262882504470729 -0.22041911422956328 0.13793823220198997 -0.04766959994830221 0.001375973624808456 0.03798615979420499 0.1634119345599343
0 30 0.17663507349470475 -0.2787776451682094 0.13893754611177955 0.08678452426264024 -0.13309127154490502 0.02927081860412804 0.03622377817588258 -0.14090087831633466 0.0017203680528168081 0.10685550224577721
0 31 0.040339711854400974 -0.2358613878304201 0.1551487034015821 0.07053177415801119 -0.09293136329153921 0.014590615142195548 0.11910979491727308 -0.15153112801561436 -0.020000500912168297 -0.02213406357581295
0 32 -0.04151743011387101 -0.024657221983547657 0.10131271427472811 -0.044395171437218335 0.036974333975453876 0.054170252329787026 -7.459616985129016E-4 -0.07665838725515936 0.03599171376587529 0.010306787099572647
0 33 0.04932861131247391 -0.12245488195329914 0.061191509813906315 -0.06853497083542907 -0.030380282927661473 0.10102051644521184 0.0735743360713189 -0.06127474629116101 -0.09913268089485698 -0.008396255994131864
0 34 0.08928014026676886 -0.16419948259542344 0.052363159066638375 0.11896972152168409 -0.04645480467836475 0.043861496653250794 0.013996241862853276 -0.11633328486277333 -0.005057224663470874 0.014622490489825075
0 35 0.03814241117339892 -0.06730869280221595 -0.05866141743303458 0.016022632080041666 0.04507019358218606 0.06936732319193893 -0.0437609316136421 -0.11920666332781062 0.07359826321667233 0.0015799698750491634
0 36 0.10097336360055297 -0.43580403278423085 0.2825964728326593 0.02508592789002801 -0.18355735328375616 0.1536898333651248 0.1548447120155545 -0.0926598546606553 -0.022015660331759786 0.033498512688669546
0 37 0.16699354380775186 -0.5065279110606089 0.26984752881625806 0.1025633269301712 -0.3367609567995388 0.11045970629704563 -0.020177643088665115 -0.22250659511619705 -0.14953702058934493 0.09342909647438863
0 38 0.19612817691531537 -0.5747334100090037 0.2984448570160643 0.17024437200125395 -0.2758146326181499 0.28013805904679734 -0.016388502884429945 -0.27871140970648056 -0.07704814288093456 0.15929039206913623
0 39 0.060695296461212814 -0.5519436470373605 0.29019221064385986 0.05215622721378699 -0.315339879579592 0.2844546020679182 0.13760847422658715 -0.13862763527965596 -0.1022711684702328 0.18627807371882735
0 40 -0.05028973345961427 0.18377214341362377 -0.16493280772362626 0.041950179456558614 0.07397528253196049 -0.13077859252372226 0.050979808815592165 -0.051062850644633215 0.021655360994003406 -0.004729516736956418
0 41 -0.11000082839677472 0.11335851210047938 -0.10209361380397455 -0.03710860991220395 0.1502587215133538 0.018176801769967103 -0.07736561762519414 -0.013106013921773133 0.09869707217525993 -0.11320108252732425
0 42 -0.04230969399213791 -0.012925404123961926 0.05933016538619995 -0.09176794439554214 -0.09966323524713516 -0.008761376142501831 -0.0639091283082962 -0.028538953512907028 0.010476827621459961 -0.09958111494779587
0 43 -0.03943065276368856 0.047851208268010724 -0.001040861056113313 -0.02127562529775119 0.0409143921906371 0.00987162254547501 0.049548057210771254 0.05076473314867963 -0.07435713558505536 0.09389734311570308
0 44 -0.04348353285846827 0.02714287464251197 0.02711704141240295 0.04419351839640143 0.09277223355947017 0.03333268675795061 0.05579447820817802 -0.00784587665229798 0.08854151471616986 -0.04849446374633608
0 45 0.0050852648806033445 0.05893078594753545 -0.06627016167337554 0.06127346124675897 0.02028229632140051 -0.08214067059152959 0.07957485802524246 -0.05325804942701025 -0.0014754572486619796 0.0733252885215475
0 46 -0.006239396457290743 -0.08063634863440597 -0.0961509752287839 0.013741043294048409 -0.04292365441295919 -0.11781134702958924 -0.05119429846634748 0.03037056213546361 0.05736388671258127 0.08138677942200136 -0.17963689811118988
1 0 0.45444563523591114
1 1 -1.2627185373220542
1 2 0.7652290059575809
1 3 0.2623237308711619
1 4 -0.8426896886001737
1 5 0.5997032867923808
1 6 0.18278425001729057
1 7 -0.5932902278279072
1 8 -0.21819322289835755
1 9 0.4253015709648608
